 3.2837899066607e-14
 3.5942639249289e-04
 0.0000000000000e+00
 0.0000000000000e+00
 0.0000000000000e+00
 3.2713828498495e-04
 8.3157638087315e-04
 0.0000000000000e+00
 0.0000000000000e+00
 0.0000000000000e+00
 0.0000000000000e+00
 4.8851084209659e-04
 1.0433614566723e-03
 0.0000000000000e+00
 0.0000000000000e+00
 0.0000000000000e+00
 0.0000000000000e+00
 5.4889115838412e-04
 1.0989691033146e-03
 0.0000000000000e+00
 0.0000000000000e+00
 0.0000000000000e+00
 0.0000000000000e+00
 0.0000000000000e+00
 0.0000000000000e+00
 0.0000000000000e+00
 0.0000000000000e+00
 0.0000000000000e+00
 0.0000000000000e+00
 0.0000000000000e+00
 0.0000000000000e+00
 0.0000000000000e+00
 0.0000000000000e+00
 0.0000000000000e+00
 0.0000000000000e+00
 0.0000000000000e+00
 0.0000000000000e+00
 0.0000000000000e+00
 0.0000000000000e+00
 0.0000000000000e+00
 0.0000000000000e+00
 0.0000000000000e+00
 0.0000000000000e+00
 0.0000000000000e+00
 0.0000000000000e+00
 0.0000000000000e+00
 0.0000000000000e+00
 0.0000000000000e+00
 0.0000000000000e+00
 0.0000000000000e+00
 0.0000000000000e+00
 0.0000000000000e+00
 0.0000000000000e+00
 0.0000000000000e+00
 0.0000000000000e+00
 0.0000000000000e+00
 0.0000000000000e+00
 0.0000000000000e+00
 0.0000000000000e+00
 0.0000000000000e+00
 0.0000000000000e+00
 0.0000000000000e+00
 0.0000000000000e+00
 0.0000000000000e+00
 0.0000000000000e+00
 0.0000000000000e+00
 0.0000000000000e+00
 0.0000000000000e+00
 0.0000000000000e+00
 0.0000000000000e+00
 0.0000000000000e+00
 0.0000000000000e+00
 0.0000000000000e+00
 0.0000000000000e+00
 0.0000000000000e+00
 0.0000000000000e+00
 0.0000000000000e+00
 0.0000000000000e+00
 0.0000000000000e+00
 0.0000000000000e+00
 0.0000000000000e+00
 0.0000000000000e+00
 0.0000000000000e+00
 0.0000000000000e+00
 0.0000000000000e+00
 0.0000000000000e+00
 0.0000000000000e+00
 0.0000000000000e+00
 0.0000000000000e+00
 0.0000000000000e+00
 0.0000000000000e+00
 0.0000000000000e+00
 0.0000000000000e+00
 0.0000000000000e+00
 0.0000000000000e+00
 0.0000000000000e+00
 0.0000000000000e+00
 0.0000000000000e+00
 0.0000000000000e+00
 0.0000000000000e+00
 0.0000000000000e+00
 0.0000000000000e+00
 0.0000000000000e+00
 0.0000000000000e+00
 0.0000000000000e+00
 0.0000000000000e+00
 0.0000000000000e+00
 0.0000000000000e+00
 0.0000000000000e+00
 0.0000000000000e+00
 0.0000000000000e+00
 0.0000000000000e+00
 0.0000000000000e+00
 0.0000000000000e+00
 0.0000000000000e+00
 0.0000000000000e+00
 0.0000000000000e+00
 0.0000000000000e+00
 0.0000000000000e+00
 0.0000000000000e+00
 0.0000000000000e+00
 0.0000000000000e+00
 0.0000000000000e+00
 0.0000000000000e+00
 0.0000000000000e+00
 0.0000000000000e+00
 0.0000000000000e+00
 0.0000000000000e+00
 0.0000000000000e+00
 0.0000000000000e+00
 0.0000000000000e+00
 0.0000000000000e+00
 0.0000000000000e+00
 0.0000000000000e+00
 0.0000000000000e+00
 0.0000000000000e+00
 0.0000000000000e+00
 0.0000000000000e+00
 0.0000000000000e+00
 0.0000000000000e+00
 0.0000000000000e+00
 0.0000000000000e+00
 0.0000000000000e+00
 0.0000000000000e+00
 0.0000000000000e+00
 0.0000000000000e+00
 0.0000000000000e+00
 0.0000000000000e+00
 0.0000000000000e+00
 0.0000000000000e+00
 0.0000000000000e+00
 0.0000000000000e+00
 0.0000000000000e+00
 0.0000000000000e+00
 0.0000000000000e+00
 0.0000000000000e+00
 0.0000000000000e+00
 0.0000000000000e+00
 0.0000000000000e+00
 0.0000000000000e+00
 0.0000000000000e+00
 0.0000000000000e+00
 0.0000000000000e+00
 0.0000000000000e+00
 0.0000000000000e+00
 0.0000000000000e+00
 0.0000000000000e+00
 0.0000000000000e+00
 0.0000000000000e+00
 0.0000000000000e+00
 0.0000000000000e+00
 0.0000000000000e+00
 0.0000000000000e+00
 0.0000000000000e+00
 0.0000000000000e+00
 0.0000000000000e+00
 0.0000000000000e+00
 0.0000000000000e+00
 0.0000000000000e+00
 0.0000000000000e+00
 0.0000000000000e+00
 0.0000000000000e+00
 0.0000000000000e+00
 0.0000000000000e+00
 0.0000000000000e+00
 0.0000000000000e+00
 0.0000000000000e+00
 0.0000000000000e+00
 0.0000000000000e+00
 0.0000000000000e+00
 0.0000000000000e+00
 0.0000000000000e+00
 0.0000000000000e+00
 0.0000000000000e+00
 0.0000000000000e+00
 0.0000000000000e+00
 0.0000000000000e+00
 0.0000000000000e+00
 0.0000000000000e+00
 0.0000000000000e+00
 0.0000000000000e+00
 0.0000000000000e+00
 0.0000000000000e+00
 0.0000000000000e+00
 0.0000000000000e+00
 0.0000000000000e+00
 0.0000000000000e+00
 0.0000000000000e+00
 0.0000000000000e+00
 0.0000000000000e+00
 0.0000000000000e+00
 0.0000000000000e+00
 0.0000000000000e+00
 0.0000000000000e+00
 0.0000000000000e+00
 0.0000000000000e+00
